Current time 0
Tasks to arrive: (1, 39, 6) (2, 8, 4) (3, 37, 6) (4, 2, 4) (5, 17, 6) (6, 16, 5) (7, 2, 2) (8, 34, 3) (9, 5, 5) (10, 24, 1) (11, 3, 1) (12, 17, 6) (13, 6, 5) (14, 16, 4) (15, 7, 2) (16, 34, 2) (17, 33, 1) (18, 21, 5) (19, 13, 1) (20, 20, 1) (21, 8, 1) (22, 5, 4) (23, 23, 2) (24, 39, 5) (25, 8, 1) (26, 32, 4) (27, 5, 6) (28, 13, 3) (29, 36, 2) (30, 34, 3) (31, 30, 4) (32, 14, 4) (33, 5, 2) (34, 12, 6) (35, 19, 1) (36, 13, 4) (37, 39, 1) (38, 13, 6) (39, 3, 3) (40, 11, 5) (41, 2, 2) (42, 28, 5) (43, 8, 6) (44, 30, 2) (45, 29, 5) (46, 10, 1) (47, 32, 4) (48, 14, 3) (49, 30, 1) (50, 6, 4) 
Server 1: Empty
Server 2: Empty

Current time 1
Tasks to arrive: (1, 39, 6) (2, 8, 4) (3, 37, 6) (4, 2, 4) (5, 17, 6) (6, 16, 5) (7, 2, 2) (8, 34, 3) (9, 5, 5) (10, 24, 1) (11, 3, 1) (12, 17, 6) (13, 6, 5) (14, 16, 4) (15, 7, 2) (16, 34, 2) (17, 33, 1) (18, 21, 5) (19, 13, 1) (20, 20, 1) (21, 8, 1) (22, 5, 4) (23, 23, 2) (24, 39, 5) (25, 8, 1) (26, 32, 4) (27, 5, 6) (28, 13, 3) (29, 36, 2) (30, 34, 3) (31, 30, 4) (32, 14, 4) (33, 5, 2) (34, 12, 6) (35, 19, 1) (36, 13, 4) (37, 39, 1) (38, 13, 6) (39, 3, 3) (40, 11, 5) (41, 2, 2) (42, 28, 5) (43, 8, 6) (44, 30, 2) (45, 29, 5) (46, 10, 1) (47, 32, 4) (48, 14, 3) (49, 30, 1) (50, 6, 4) 
Server 1: Empty
Server 2: Empty

Current time 2
Tasks to arrive: (1, 39, 6) (2, 8, 4) (3, 37, 6) (5, 17, 6) (6, 16, 5) (8, 34, 3) (9, 5, 5) (10, 24, 1) (11, 3, 1) (12, 17, 6) (13, 6, 5) (14, 16, 4) (15, 7, 2) (16, 34, 2) (17, 33, 1) (18, 21, 5) (19, 13, 1) (20, 20, 1) (21, 8, 1) (22, 5, 4) (23, 23, 2) (24, 39, 5) (25, 8, 1) (26, 32, 4) (27, 5, 6) (28, 13, 3) (29, 36, 2) (30, 34, 3) (31, 30, 4) (32, 14, 4) (33, 5, 2) (34, 12, 6) (35, 19, 1) (36, 13, 4) (37, 39, 1) (38, 13, 6) (39, 3, 3) (40, 11, 5) (42, 28, 5) (43, 8, 6) (44, 30, 2) (45, 29, 5) (46, 10, 1) (47, 32, 4) (48, 14, 3) (49, 30, 1) (50, 6, 4) 
Server 1: (4, 2, 3) 
Server 2: (7, 2, 1) (41, 2, 2) 

Current time 3
Tasks to arrive: (1, 39, 6) (2, 8, 4) (3, 37, 6) (5, 17, 6) (6, 16, 5) (8, 34, 3) (9, 5, 5) (10, 24, 1) (12, 17, 6) (13, 6, 5) (14, 16, 4) (15, 7, 2) (16, 34, 2) (17, 33, 1) (18, 21, 5) (19, 13, 1) (20, 20, 1) (21, 8, 1) (22, 5, 4) (23, 23, 2) (24, 39, 5) (25, 8, 1) (26, 32, 4) (27, 5, 6) (28, 13, 3) (29, 36, 2) (30, 34, 3) (31, 30, 4) (32, 14, 4) (33, 5, 2) (34, 12, 6) (35, 19, 1) (36, 13, 4) (37, 39, 1) (38, 13, 6) (40, 11, 5) (42, 28, 5) (43, 8, 6) (44, 30, 2) (45, 29, 5) (46, 10, 1) (47, 32, 4) (48, 14, 3) (49, 30, 1) (50, 6, 4) 
Server 1: (4, 2, 2) (11, 3, 1) (39, 3, 3) 
Server 2: (41, 2, 1) 

Current time 4
Tasks to arrive: (1, 39, 6) (2, 8, 4) (3, 37, 6) (5, 17, 6) (6, 16, 5) (8, 34, 3) (9, 5, 5) (10, 24, 1) (12, 17, 6) (13, 6, 5) (14, 16, 4) (15, 7, 2) (16, 34, 2) (17, 33, 1) (18, 21, 5) (19, 13, 1) (20, 20, 1) (21, 8, 1) (22, 5, 4) (23, 23, 2) (24, 39, 5) (25, 8, 1) (26, 32, 4) (27, 5, 6) (28, 13, 3) (29, 36, 2) (30, 34, 3) (31, 30, 4) (32, 14, 4) (33, 5, 2) (34, 12, 6) (35, 19, 1) (36, 13, 4) (37, 39, 1) (38, 13, 6) (40, 11, 5) (42, 28, 5) (43, 8, 6) (44, 30, 2) (45, 29, 5) (46, 10, 1) (47, 32, 4) (48, 14, 3) (49, 30, 1) (50, 6, 4) 
Server 1: (4, 2, 1) (11, 3, 1) (39, 3, 3) 
Server 2: Empty

Current time 5
Tasks to arrive: (1, 39, 6) (2, 8, 4) (3, 37, 6) (5, 17, 6) (6, 16, 5) (8, 34, 3) (10, 24, 1) (12, 17, 6) (13, 6, 5) (14, 16, 4) (15, 7, 2) (16, 34, 2) (17, 33, 1) (18, 21, 5) (19, 13, 1) (20, 20, 1) (21, 8, 1) (23, 23, 2) (24, 39, 5) (25, 8, 1) (26, 32, 4) (28, 13, 3) (29, 36, 2) (30, 34, 3) (31, 30, 4) (32, 14, 4) (34, 12, 6) (35, 19, 1) (36, 13, 4) (37, 39, 1) (38, 13, 6) (40, 11, 5) (42, 28, 5) (43, 8, 6) (44, 30, 2) (45, 29, 5) (46, 10, 1) (47, 32, 4) (48, 14, 3) (49, 30, 1) (50, 6, 4) 
Server 1: (39, 3, 2) (22, 5, 4) (33, 5, 2) 
Server 2: (9, 5, 4) (27, 5, 6) 

Current time 6
Tasks to arrive: (1, 39, 6) (2, 8, 4) (3, 37, 6) (5, 17, 6) (6, 16, 5) (8, 34, 3) (10, 24, 1) (12, 17, 6) (14, 16, 4) (15, 7, 2) (16, 34, 2) (17, 33, 1) (18, 21, 5) (19, 13, 1) (20, 20, 1) (21, 8, 1) (23, 23, 2) (24, 39, 5) (25, 8, 1) (26, 32, 4) (28, 13, 3) (29, 36, 2) (30, 34, 3) (31, 30, 4) (32, 14, 4) (34, 12, 6) (35, 19, 1) (36, 13, 4) (37, 39, 1) (38, 13, 6) (40, 11, 5) (42, 28, 5) (43, 8, 6) (44, 30, 2) (45, 29, 5) (46, 10, 1) (47, 32, 4) (48, 14, 3) (49, 30, 1) 
Server 1: (39, 3, 1) (22, 5, 4) (33, 5, 2) (13, 6, 5) 
Server 2: (9, 5, 3) (27, 5, 6) (50, 6, 4) 

Current time 7
Tasks to arrive: (1, 39, 6) (2, 8, 4) (3, 37, 6) (5, 17, 6) (6, 16, 5) (8, 34, 3) (10, 24, 1) (12, 17, 6) (14, 16, 4) (16, 34, 2) (17, 33, 1) (18, 21, 5) (19, 13, 1) (20, 20, 1) (21, 8, 1) (23, 23, 2) (24, 39, 5) (25, 8, 1) (26, 32, 4) (28, 13, 3) (29, 36, 2) (30, 34, 3) (31, 30, 4) (32, 14, 4) (34, 12, 6) (35, 19, 1) (36, 13, 4) (37, 39, 1) (38, 13, 6) (40, 11, 5) (42, 28, 5) (43, 8, 6) (44, 30, 2) (45, 29, 5) (46, 10, 1) (47, 32, 4) (48, 14, 3) (49, 30, 1) 
Server 1: (22, 5, 3) (33, 5, 2) (13, 6, 5) (15, 7, 2) 
Server 2: (9, 5, 2) (27, 5, 6) (50, 6, 4) 

Current time 8
Tasks to arrive: (1, 39, 6) (3, 37, 6) (5, 17, 6) (6, 16, 5) (8, 34, 3) (10, 24, 1) (12, 17, 6) (14, 16, 4) (16, 34, 2) (17, 33, 1) (18, 21, 5) (19, 13, 1) (20, 20, 1) (23, 23, 2) (24, 39, 5) (26, 32, 4) (28, 13, 3) (29, 36, 2) (30, 34, 3) (31, 30, 4) (32, 14, 4) (34, 12, 6) (35, 19, 1) (36, 13, 4) (37, 39, 1) (38, 13, 6) (40, 11, 5) (42, 28, 5) (44, 30, 2) (45, 29, 5) (46, 10, 1) (47, 32, 4) (48, 14, 3) (49, 30, 1) 
Server 1: (22, 5, 2) (33, 5, 2) (13, 6, 5) (15, 7, 2) (21, 8, 1) (25, 8, 1) (43, 8, 6) 
Server 2: (9, 5, 1) (27, 5, 6) (50, 6, 4) (2, 8, 4) 

Current time 9
Tasks to arrive: (1, 39, 6) (3, 37, 6) (5, 17, 6) (6, 16, 5) (8, 34, 3) (10, 24, 1) (12, 17, 6) (14, 16, 4) (16, 34, 2) (17, 33, 1) (18, 21, 5) (19, 13, 1) (20, 20, 1) (23, 23, 2) (24, 39, 5) (26, 32, 4) (28, 13, 3) (29, 36, 2) (30, 34, 3) (31, 30, 4) (32, 14, 4) (34, 12, 6) (35, 19, 1) (36, 13, 4) (37, 39, 1) (38, 13, 6) (40, 11, 5) (42, 28, 5) (44, 30, 2) (45, 29, 5) (46, 10, 1) (47, 32, 4) (48, 14, 3) (49, 30, 1) 
Server 1: (22, 5, 1) (33, 5, 2) (13, 6, 5) (15, 7, 2) (21, 8, 1) (25, 8, 1) (43, 8, 6) 
Server 2: (27, 5, 5) (50, 6, 4) (2, 8, 4) 

Current time 10
Tasks to arrive: (1, 39, 6) (3, 37, 6) (5, 17, 6) (6, 16, 5) (8, 34, 3) (10, 24, 1) (12, 17, 6) (14, 16, 4) (16, 34, 2) (17, 33, 1) (18, 21, 5) (19, 13, 1) (20, 20, 1) (23, 23, 2) (24, 39, 5) (26, 32, 4) (28, 13, 3) (29, 36, 2) (30, 34, 3) (31, 30, 4) (32, 14, 4) (34, 12, 6) (35, 19, 1) (36, 13, 4) (37, 39, 1) (38, 13, 6) (40, 11, 5) (42, 28, 5) (44, 30, 2) (45, 29, 5) (47, 32, 4) (48, 14, 3) (49, 30, 1) 
Server 1: (33, 5, 1) (13, 6, 5) (15, 7, 2) (21, 8, 1) (25, 8, 1) (43, 8, 6) 
Server 2: (27, 5, 4) (50, 6, 4) (2, 8, 4) (46, 10, 1) 

Current time 11
Tasks to arrive: (1, 39, 6) (3, 37, 6) (5, 17, 6) (6, 16, 5) (8, 34, 3) (10, 24, 1) (12, 17, 6) (14, 16, 4) (16, 34, 2) (17, 33, 1) (18, 21, 5) (19, 13, 1) (20, 20, 1) (23, 23, 2) (24, 39, 5) (26, 32, 4) (28, 13, 3) (29, 36, 2) (30, 34, 3) (31, 30, 4) (32, 14, 4) (34, 12, 6) (35, 19, 1) (36, 13, 4) (37, 39, 1) (38, 13, 6) (42, 28, 5) (44, 30, 2) (45, 29, 5) (47, 32, 4) (48, 14, 3) (49, 30, 1) 
Server 1: (13, 6, 4) (15, 7, 2) (21, 8, 1) (25, 8, 1) (43, 8, 6) 
Server 2: (27, 5, 3) (50, 6, 4) (2, 8, 4) (46, 10, 1) (40, 11, 5) 

Current time 12
Tasks to arrive: (1, 39, 6) (3, 37, 6) (5, 17, 6) (6, 16, 5) (8, 34, 3) (10, 24, 1) (12, 17, 6) (14, 16, 4) (16, 34, 2) (17, 33, 1) (18, 21, 5) (19, 13, 1) (20, 20, 1) (23, 23, 2) (24, 39, 5) (26, 32, 4) (28, 13, 3) (29, 36, 2) (30, 34, 3) (31, 30, 4) (32, 14, 4) (35, 19, 1) (36, 13, 4) (37, 39, 1) (38, 13, 6) (42, 28, 5) (44, 30, 2) (45, 29, 5) (47, 32, 4) (48, 14, 3) (49, 30, 1) 
Server 1: (13, 6, 3) (15, 7, 2) (21, 8, 1) (25, 8, 1) (43, 8, 6) (34, 12, 6) 
Server 2: (27, 5, 2) (50, 6, 4) (2, 8, 4) (46, 10, 1) (40, 11, 5) 

Current time 13
Tasks to arrive: (1, 39, 6) (3, 37, 6) (5, 17, 6) (6, 16, 5) (8, 34, 3) (10, 24, 1) (12, 17, 6) (14, 16, 4) (16, 34, 2) (17, 33, 1) (18, 21, 5) (20, 20, 1) (23, 23, 2) (24, 39, 5) (26, 32, 4) (29, 36, 2) (30, 34, 3) (31, 30, 4) (32, 14, 4) (35, 19, 1) (37, 39, 1) (42, 28, 5) (44, 30, 2) (45, 29, 5) (47, 32, 4) (48, 14, 3) (49, 30, 1) 
Server 1: (13, 6, 2) (15, 7, 2) (21, 8, 1) (25, 8, 1) (43, 8, 6) (34, 12, 6) (38, 13, 6) 
Server 2: (27, 5, 1) (50, 6, 4) (2, 8, 4) (46, 10, 1) (40, 11, 5) (19, 13, 1) (28, 13, 3) (36, 13, 4) 

Current time 14
Tasks to arrive: (1, 39, 6) (3, 37, 6) (5, 17, 6) (6, 16, 5) (8, 34, 3) (10, 24, 1) (12, 17, 6) (14, 16, 4) (16, 34, 2) (17, 33, 1) (18, 21, 5) (20, 20, 1) (23, 23, 2) (24, 39, 5) (26, 32, 4) (29, 36, 2) (30, 34, 3) (31, 30, 4) (35, 19, 1) (37, 39, 1) (42, 28, 5) (44, 30, 2) (45, 29, 5) (47, 32, 4) (49, 30, 1) 
Server 1: (13, 6, 1) (15, 7, 2) (21, 8, 1) (25, 8, 1) (43, 8, 6) (34, 12, 6) (38, 13, 6) (48, 14, 3) 
Server 2: (50, 6, 3) (2, 8, 4) (46, 10, 1) (40, 11, 5) (19, 13, 1) (28, 13, 3) (36, 13, 4) (32, 14, 4) 

Current time 15
Tasks to arrive: (1, 39, 6) (3, 37, 6) (5, 17, 6) (6, 16, 5) (8, 34, 3) (10, 24, 1) (12, 17, 6) (14, 16, 4) (16, 34, 2) (17, 33, 1) (18, 21, 5) (20, 20, 1) (23, 23, 2) (24, 39, 5) (26, 32, 4) (29, 36, 2) (30, 34, 3) (31, 30, 4) (35, 19, 1) (37, 39, 1) (42, 28, 5) (44, 30, 2) (45, 29, 5) (47, 32, 4) (49, 30, 1) 
Server 1: (15, 7, 1) (21, 8, 1) (25, 8, 1) (43, 8, 6) (34, 12, 6) (38, 13, 6) (48, 14, 3) 
Server 2: (50, 6, 2) (2, 8, 4) (46, 10, 1) (40, 11, 5) (19, 13, 1) (28, 13, 3) (36, 13, 4) (32, 14, 4) 

Current time 16
Tasks to arrive: (1, 39, 6) (3, 37, 6) (5, 17, 6) (8, 34, 3) (10, 24, 1) (12, 17, 6) (16, 34, 2) (17, 33, 1) (18, 21, 5) (20, 20, 1) (23, 23, 2) (24, 39, 5) (26, 32, 4) (29, 36, 2) (30, 34, 3) (31, 30, 4) (35, 19, 1) (37, 39, 1) (42, 28, 5) (44, 30, 2) (45, 29, 5) (47, 32, 4) (49, 30, 1) 
Server 1: (43, 8, 5) (34, 12, 6) (38, 13, 6) (48, 14, 3) (14, 16, 4) 
Server 2: (50, 6, 1) (2, 8, 4) (46, 10, 1) (40, 11, 5) (19, 13, 1) (28, 13, 3) (36, 13, 4) (32, 14, 4) (6, 16, 5) 

Current time 17
Tasks to arrive: (1, 39, 6) (3, 37, 6) (8, 34, 3) (10, 24, 1) (16, 34, 2) (17, 33, 1) (18, 21, 5) (20, 20, 1) (23, 23, 2) (24, 39, 5) (26, 32, 4) (29, 36, 2) (30, 34, 3) (31, 30, 4) (35, 19, 1) (37, 39, 1) (42, 28, 5) (44, 30, 2) (45, 29, 5) (47, 32, 4) (49, 30, 1) 
Server 1: (43, 8, 4) (34, 12, 6) (38, 13, 6) (48, 14, 3) (14, 16, 4) (12, 17, 6) 
Server 2: (2, 8, 3) (46, 10, 1) (40, 11, 5) (19, 13, 1) (28, 13, 3) (36, 13, 4) (32, 14, 4) (6, 16, 5) (5, 17, 6) 

Current time 18
Tasks to arrive: (1, 39, 6) (3, 37, 6) (8, 34, 3) (10, 24, 1) (16, 34, 2) (17, 33, 1) (18, 21, 5) (20, 20, 1) (23, 23, 2) (24, 39, 5) (26, 32, 4) (29, 36, 2) (30, 34, 3) (31, 30, 4) (35, 19, 1) (37, 39, 1) (42, 28, 5) (44, 30, 2) (45, 29, 5) (47, 32, 4) (49, 30, 1) 
Server 1: (43, 8, 3) (34, 12, 6) (38, 13, 6) (48, 14, 3) (14, 16, 4) (12, 17, 6) 
Server 2: (2, 8, 2) (46, 10, 1) (40, 11, 5) (19, 13, 1) (28, 13, 3) (36, 13, 4) (32, 14, 4) (6, 16, 5) (5, 17, 6) 

Current time 19
Tasks to arrive: (1, 39, 6) (3, 37, 6) (8, 34, 3) (10, 24, 1) (16, 34, 2) (17, 33, 1) (18, 21, 5) (20, 20, 1) (23, 23, 2) (24, 39, 5) (26, 32, 4) (29, 36, 2) (30, 34, 3) (31, 30, 4) (37, 39, 1) (42, 28, 5) (44, 30, 2) (45, 29, 5) (47, 32, 4) (49, 30, 1) 
Server 1: (43, 8, 2) (34, 12, 6) (38, 13, 6) (48, 14, 3) (14, 16, 4) (12, 17, 6) 
Server 2: (2, 8, 1) (46, 10, 1) (40, 11, 5) (19, 13, 1) (28, 13, 3) (36, 13, 4) (32, 14, 4) (6, 16, 5) (5, 17, 6) (35, 19, 1) 

Current time 20
Tasks to arrive: (1, 39, 6) (3, 37, 6) (8, 34, 3) (10, 24, 1) (16, 34, 2) (17, 33, 1) (18, 21, 5) (23, 23, 2) (24, 39, 5) (26, 32, 4) (29, 36, 2) (30, 34, 3) (31, 30, 4) (37, 39, 1) (42, 28, 5) (44, 30, 2) (45, 29, 5) (47, 32, 4) (49, 30, 1) 
Server 1: (43, 8, 1) (34, 12, 6) (38, 13, 6) (48, 14, 3) (14, 16, 4) (12, 17, 6) (20, 20, 1) 
Server 2: (40, 11, 4) (19, 13, 1) (28, 13, 3) (36, 13, 4) (32, 14, 4) (6, 16, 5) (5, 17, 6) (35, 19, 1) 

Current time 21
Tasks to arrive: (1, 39, 6) (3, 37, 6) (8, 34, 3) (10, 24, 1) (16, 34, 2) (17, 33, 1) (23, 23, 2) (24, 39, 5) (26, 32, 4) (29, 36, 2) (30, 34, 3) (31, 30, 4) (37, 39, 1) (42, 28, 5) (44, 30, 2) (45, 29, 5) (47, 32, 4) (49, 30, 1) 
Server 1: (34, 12, 5) (38, 13, 6) (48, 14, 3) (14, 16, 4) (12, 17, 6) (20, 20, 1) 
Server 2: (40, 11, 3) (19, 13, 1) (28, 13, 3) (36, 13, 4) (32, 14, 4) (6, 16, 5) (5, 17, 6) (35, 19, 1) (18, 21, 5) 

Current time 22
Tasks to arrive: (1, 39, 6) (3, 37, 6) (8, 34, 3) (10, 24, 1) (16, 34, 2) (17, 33, 1) (23, 23, 2) (24, 39, 5) (26, 32, 4) (29, 36, 2) (30, 34, 3) (31, 30, 4) (37, 39, 1) (42, 28, 5) (44, 30, 2) (45, 29, 5) (47, 32, 4) (49, 30, 1) 
Server 1: (34, 12, 4) (38, 13, 6) (48, 14, 3) (14, 16, 4) (12, 17, 6) (20, 20, 1) 
Server 2: (40, 11, 2) (19, 13, 1) (28, 13, 3) (36, 13, 4) (32, 14, 4) (6, 16, 5) (5, 17, 6) (35, 19, 1) (18, 21, 5) 

Current time 23
Tasks to arrive: (1, 39, 6) (3, 37, 6) (8, 34, 3) (10, 24, 1) (16, 34, 2) (17, 33, 1) (24, 39, 5) (26, 32, 4) (29, 36, 2) (30, 34, 3) (31, 30, 4) (37, 39, 1) (42, 28, 5) (44, 30, 2) (45, 29, 5) (47, 32, 4) (49, 30, 1) 
Server 1: (34, 12, 3) (38, 13, 6) (48, 14, 3) (14, 16, 4) (12, 17, 6) (20, 20, 1) (23, 23, 2) 
Server 2: (40, 11, 1) (19, 13, 1) (28, 13, 3) (36, 13, 4) (32, 14, 4) (6, 16, 5) (5, 17, 6) (35, 19, 1) (18, 21, 5) 

Current time 24
Tasks to arrive: (1, 39, 6) (3, 37, 6) (8, 34, 3) (16, 34, 2) (17, 33, 1) (24, 39, 5) (26, 32, 4) (29, 36, 2) (30, 34, 3) (31, 30, 4) (37, 39, 1) (42, 28, 5) (44, 30, 2) (45, 29, 5) (47, 32, 4) (49, 30, 1) 
Server 1: (34, 12, 2) (38, 13, 6) (48, 14, 3) (14, 16, 4) (12, 17, 6) (20, 20, 1) (23, 23, 2) (10, 24, 1) 
Server 2: (28, 13, 2) (36, 13, 4) (32, 14, 4) (6, 16, 5) (5, 17, 6) (35, 19, 1) (18, 21, 5) 

Current time 25
Tasks to arrive: (1, 39, 6) (3, 37, 6) (8, 34, 3) (16, 34, 2) (17, 33, 1) (24, 39, 5) (26, 32, 4) (29, 36, 2) (30, 34, 3) (31, 30, 4) (37, 39, 1) (42, 28, 5) (44, 30, 2) (45, 29, 5) (47, 32, 4) (49, 30, 1) 
Server 1: (34, 12, 1) (38, 13, 6) (48, 14, 3) (14, 16, 4) (12, 17, 6) (20, 20, 1) (23, 23, 2) (10, 24, 1) 
Server 2: (28, 13, 1) (36, 13, 4) (32, 14, 4) (6, 16, 5) (5, 17, 6) (35, 19, 1) (18, 21, 5) 

Current time 26
Tasks to arrive: (1, 39, 6) (3, 37, 6) (8, 34, 3) (16, 34, 2) (17, 33, 1) (24, 39, 5) (26, 32, 4) (29, 36, 2) (30, 34, 3) (31, 30, 4) (37, 39, 1) (42, 28, 5) (44, 30, 2) (45, 29, 5) (47, 32, 4) (49, 30, 1) 
Server 1: (38, 13, 5) (48, 14, 3) (14, 16, 4) (12, 17, 6) (20, 20, 1) (23, 23, 2) (10, 24, 1) 
Server 2: (36, 13, 3) (32, 14, 4) (6, 16, 5) (5, 17, 6) (35, 19, 1) (18, 21, 5) 

Current time 27
Tasks to arrive: (1, 39, 6) (3, 37, 6) (8, 34, 3) (16, 34, 2) (17, 33, 1) (24, 39, 5) (26, 32, 4) (29, 36, 2) (30, 34, 3) (31, 30, 4) (37, 39, 1) (42, 28, 5) (44, 30, 2) (45, 29, 5) (47, 32, 4) (49, 30, 1) 
Server 1: (38, 13, 4) (48, 14, 3) (14, 16, 4) (12, 17, 6) (20, 20, 1) (23, 23, 2) (10, 24, 1) 
Server 2: (36, 13, 2) (32, 14, 4) (6, 16, 5) (5, 17, 6) (35, 19, 1) (18, 21, 5) 

Current time 28
Tasks to arrive: (1, 39, 6) (3, 37, 6) (8, 34, 3) (16, 34, 2) (17, 33, 1) (24, 39, 5) (26, 32, 4) (29, 36, 2) (30, 34, 3) (31, 30, 4) (37, 39, 1) (44, 30, 2) (45, 29, 5) (47, 32, 4) (49, 30, 1) 
Server 1: (38, 13, 3) (48, 14, 3) (14, 16, 4) (12, 17, 6) (20, 20, 1) (23, 23, 2) (10, 24, 1) (42, 28, 5) 
Server 2: (36, 13, 1) (32, 14, 4) (6, 16, 5) (5, 17, 6) (35, 19, 1) (18, 21, 5) 

Current time 29
Tasks to arrive: (1, 39, 6) (3, 37, 6) (8, 34, 3) (16, 34, 2) (17, 33, 1) (24, 39, 5) (26, 32, 4) (29, 36, 2) (30, 34, 3) (31, 30, 4) (37, 39, 1) (44, 30, 2) (47, 32, 4) (49, 30, 1) 
Server 1: (38, 13, 2) (48, 14, 3) (14, 16, 4) (12, 17, 6) (20, 20, 1) (23, 23, 2) (10, 24, 1) (42, 28, 5) 
Server 2: (32, 14, 3) (6, 16, 5) (5, 17, 6) (35, 19, 1) (18, 21, 5) (45, 29, 5) 

Current time 30
Tasks to arrive: (1, 39, 6) (3, 37, 6) (8, 34, 3) (16, 34, 2) (17, 33, 1) (24, 39, 5) (26, 32, 4) (29, 36, 2) (30, 34, 3) (37, 39, 1) (47, 32, 4) 
Server 1: (38, 13, 1) (48, 14, 3) (14, 16, 4) (12, 17, 6) (20, 20, 1) (23, 23, 2) (10, 24, 1) (42, 28, 5) (31, 30, 4) 
Server 2: (32, 14, 2) (6, 16, 5) (5, 17, 6) (35, 19, 1) (18, 21, 5) (45, 29, 5) (44, 30, 2) (49, 30, 1) 

Current time 31
Tasks to arrive: (1, 39, 6) (3, 37, 6) (8, 34, 3) (16, 34, 2) (17, 33, 1) (24, 39, 5) (26, 32, 4) (29, 36, 2) (30, 34, 3) (37, 39, 1) (47, 32, 4) 
Server 1: (48, 14, 2) (14, 16, 4) (12, 17, 6) (20, 20, 1) (23, 23, 2) (10, 24, 1) (42, 28, 5) (31, 30, 4) 
Server 2: (32, 14, 1) (6, 16, 5) (5, 17, 6) (35, 19, 1) (18, 21, 5) (45, 29, 5) (44, 30, 2) (49, 30, 1) 

Current time 32
Tasks to arrive: (1, 39, 6) (3, 37, 6) (8, 34, 3) (16, 34, 2) (17, 33, 1) (24, 39, 5) (29, 36, 2) (30, 34, 3) (37, 39, 1) 
Server 1: (48, 14, 1) (14, 16, 4) (12, 17, 6) (20, 20, 1) (23, 23, 2) (10, 24, 1) (42, 28, 5) (31, 30, 4) (26, 32, 4) 
Server 2: (6, 16, 4) (5, 17, 6) (35, 19, 1) (18, 21, 5) (45, 29, 5) (44, 30, 2) (49, 30, 1) (47, 32, 4) 

Current time 33
Tasks to arrive: (1, 39, 6) (3, 37, 6) (8, 34, 3) (16, 34, 2) (24, 39, 5) (29, 36, 2) (30, 34, 3) (37, 39, 1) 
Server 1: (14, 16, 3) (12, 17, 6) (20, 20, 1) (23, 23, 2) (10, 24, 1) (42, 28, 5) (31, 30, 4) (26, 32, 4) 
Server 2: (6, 16, 3) (5, 17, 6) (35, 19, 1) (18, 21, 5) (45, 29, 5) (44, 30, 2) (49, 30, 1) (47, 32, 4) (17, 33, 1) 

Current time 34
Tasks to arrive: (1, 39, 6) (3, 37, 6) (24, 39, 5) (29, 36, 2) (37, 39, 1) 
Server 1: (14, 16, 2) (12, 17, 6) (20, 20, 1) (23, 23, 2) (10, 24, 1) (42, 28, 5) (31, 30, 4) (26, 32, 4) (8, 34, 3) (30, 34, 3) 
Server 2: (6, 16, 2) (5, 17, 6) (35, 19, 1) (18, 21, 5) (45, 29, 5) (44, 30, 2) (49, 30, 1) (47, 32, 4) (17, 33, 1) (16, 34, 2) 

Current time 35
Tasks to arrive: (1, 39, 6) (3, 37, 6) (24, 39, 5) (29, 36, 2) (37, 39, 1) 
Server 1: (14, 16, 1) (12, 17, 6) (20, 20, 1) (23, 23, 2) (10, 24, 1) (42, 28, 5) (31, 30, 4) (26, 32, 4) (8, 34, 3) (30, 34, 3) 
Server 2: (6, 16, 1) (5, 17, 6) (35, 19, 1) (18, 21, 5) (45, 29, 5) (44, 30, 2) (49, 30, 1) (47, 32, 4) (17, 33, 1) (16, 34, 2) 

Current time 36
Tasks to arrive: (1, 39, 6) (3, 37, 6) (24, 39, 5) (37, 39, 1) 
Server 1: (12, 17, 5) (20, 20, 1) (23, 23, 2) (10, 24, 1) (42, 28, 5) (31, 30, 4) (26, 32, 4) (8, 34, 3) (30, 34, 3) 
Server 2: (5, 17, 5) (35, 19, 1) (18, 21, 5) (45, 29, 5) (44, 30, 2) (49, 30, 1) (47, 32, 4) (17, 33, 1) (16, 34, 2) (29, 36, 2) 

Current time 37
Tasks to arrive: (1, 39, 6) (24, 39, 5) (37, 39, 1) 
Server 1: (12, 17, 4) (20, 20, 1) (23, 23, 2) (10, 24, 1) (42, 28, 5) (31, 30, 4) (26, 32, 4) (8, 34, 3) (30, 34, 3) 
Server 2: (5, 17, 4) (35, 19, 1) (18, 21, 5) (45, 29, 5) (44, 30, 2) (49, 30, 1) (47, 32, 4) (17, 33, 1) (16, 34, 2) (29, 36, 2) (3, 37, 6) 

Current time 38
Tasks to arrive: (1, 39, 6) (24, 39, 5) (37, 39, 1) 
Server 1: (12, 17, 3) (20, 20, 1) (23, 23, 2) (10, 24, 1) (42, 28, 5) (31, 30, 4) (26, 32, 4) (8, 34, 3) (30, 34, 3) 
Server 2: (5, 17, 3) (35, 19, 1) (18, 21, 5) (45, 29, 5) (44, 30, 2) (49, 30, 1) (47, 32, 4) (17, 33, 1) (16, 34, 2) (29, 36, 2) (3, 37, 6) 

Current time 39
Tasks to arrive: 
Server 1: (12, 17, 2) (20, 20, 1) (23, 23, 2) (10, 24, 1) (42, 28, 5) (31, 30, 4) (26, 32, 4) (8, 34, 3) (30, 34, 3) (1, 39, 6) (37, 39, 1) 
Server 2: (5, 17, 2) (35, 19, 1) (18, 21, 5) (45, 29, 5) (44, 30, 2) (49, 30, 1) (47, 32, 4) (17, 33, 1) (16, 34, 2) (29, 36, 2) (3, 37, 6) (24, 39, 5) 

Current time 40
Tasks to arrive: 
Server 1: (12, 17, 1) (20, 20, 1) (23, 23, 2) (10, 24, 1) (42, 28, 5) (31, 30, 4) (26, 32, 4) (8, 34, 3) (30, 34, 3) (1, 39, 6) (37, 39, 1) 
Server 2: (5, 17, 1) (35, 19, 1) (18, 21, 5) (45, 29, 5) (44, 30, 2) (49, 30, 1) (47, 32, 4) (17, 33, 1) (16, 34, 2) (29, 36, 2) (3, 37, 6) (24, 39, 5) 

Current time 41
Tasks to arrive: 
Server 1: (23, 23, 1) (10, 24, 1) (42, 28, 5) (31, 30, 4) (26, 32, 4) (8, 34, 3) (30, 34, 3) (1, 39, 6) (37, 39, 1) 
Server 2: (18, 21, 4) (45, 29, 5) (44, 30, 2) (49, 30, 1) (47, 32, 4) (17, 33, 1) (16, 34, 2) (29, 36, 2) (3, 37, 6) (24, 39, 5) 

Current time 42
Tasks to arrive: 
Server 1: (42, 28, 4) (31, 30, 4) (26, 32, 4) (8, 34, 3) (30, 34, 3) (1, 39, 6) (37, 39, 1) 
Server 2: (18, 21, 3) (45, 29, 5) (44, 30, 2) (49, 30, 1) (47, 32, 4) (17, 33, 1) (16, 34, 2) (29, 36, 2) (3, 37, 6) (24, 39, 5) 

Current time 43
Tasks to arrive: 
Server 1: (42, 28, 3) (31, 30, 4) (26, 32, 4) (8, 34, 3) (30, 34, 3) (1, 39, 6) (37, 39, 1) 
Server 2: (18, 21, 2) (45, 29, 5) (44, 30, 2) (49, 30, 1) (47, 32, 4) (17, 33, 1) (16, 34, 2) (29, 36, 2) (3, 37, 6) (24, 39, 5) 

Current time 44
Tasks to arrive: 
Server 1: (42, 28, 2) (31, 30, 4) (26, 32, 4) (8, 34, 3) (30, 34, 3) (1, 39, 6) (37, 39, 1) 
Server 2: (18, 21, 1) (45, 29, 5) (44, 30, 2) (49, 30, 1) (47, 32, 4) (17, 33, 1) (16, 34, 2) (29, 36, 2) (3, 37, 6) (24, 39, 5) 

Current time 45
Tasks to arrive: 
Server 1: (42, 28, 1) (31, 30, 4) (26, 32, 4) (8, 34, 3) (30, 34, 3) (1, 39, 6) (37, 39, 1) 
Server 2: (45, 29, 4) (44, 30, 2) (49, 30, 1) (47, 32, 4) (17, 33, 1) (16, 34, 2) (29, 36, 2) (3, 37, 6) (24, 39, 5) 

Current time 46
Tasks to arrive: 
Server 1: (31, 30, 3) (26, 32, 4) (8, 34, 3) (30, 34, 3) (1, 39, 6) (37, 39, 1) 
Server 2: (45, 29, 3) (44, 30, 2) (49, 30, 1) (47, 32, 4) (17, 33, 1) (16, 34, 2) (29, 36, 2) (3, 37, 6) (24, 39, 5) 

Current time 47
Tasks to arrive: 
Server 1: (31, 30, 2) (26, 32, 4) (8, 34, 3) (30, 34, 3) (1, 39, 6) (37, 39, 1) 
Server 2: (45, 29, 2) (44, 30, 2) (49, 30, 1) (47, 32, 4) (17, 33, 1) (16, 34, 2) (29, 36, 2) (3, 37, 6) (24, 39, 5) 

Current time 48
Tasks to arrive: 
Server 1: (31, 30, 1) (26, 32, 4) (8, 34, 3) (30, 34, 3) (1, 39, 6) (37, 39, 1) 
Server 2: (45, 29, 1) (44, 30, 2) (49, 30, 1) (47, 32, 4) (17, 33, 1) (16, 34, 2) (29, 36, 2) (3, 37, 6) (24, 39, 5) 

Current time 49
Tasks to arrive: 
Server 1: (26, 32, 3) (8, 34, 3) (30, 34, 3) (1, 39, 6) (37, 39, 1) 
Server 2: (44, 30, 1) (49, 30, 1) (47, 32, 4) (17, 33, 1) (16, 34, 2) (29, 36, 2) (3, 37, 6) (24, 39, 5) 

Current time 50
Tasks to arrive: 
Server 1: (26, 32, 2) (8, 34, 3) (30, 34, 3) (1, 39, 6) (37, 39, 1) 
Server 2: (47, 32, 3) (17, 33, 1) (16, 34, 2) (29, 36, 2) (3, 37, 6) (24, 39, 5) 

Current time 51
Tasks to arrive: 
Server 1: (26, 32, 1) (8, 34, 3) (30, 34, 3) (1, 39, 6) (37, 39, 1) 
Server 2: (47, 32, 2) (17, 33, 1) (16, 34, 2) (29, 36, 2) (3, 37, 6) (24, 39, 5) 

Current time 52
Tasks to arrive: 
Server 1: (8, 34, 2) (30, 34, 3) (1, 39, 6) (37, 39, 1) 
Server 2: (47, 32, 1) (17, 33, 1) (16, 34, 2) (29, 36, 2) (3, 37, 6) (24, 39, 5) 

Current time 53
Tasks to arrive: 
Server 1: (8, 34, 1) (30, 34, 3) (1, 39, 6) (37, 39, 1) 
Server 2: (16, 34, 1) (29, 36, 2) (3, 37, 6) (24, 39, 5) 

Current time 54
Tasks to arrive: 
Server 1: (8, 34, 1) (30, 34, 2) (1, 39, 6) (37, 39, 1) 
Server 2: (29, 36, 1) (3, 37, 6) (24, 39, 5) 

Current time 55
Tasks to arrive: 
Server 1: (30, 34, 1) (1, 39, 6) (37, 39, 1) 
Server 2: (3, 37, 5) (24, 39, 5) 

Current time 56
Tasks to arrive: 
Server 1: (1, 39, 5) (37, 39, 1) 
Server 2: (3, 37, 4) (24, 39, 5) 

Current time 57
Tasks to arrive: 
Server 1: (1, 39, 4) (37, 39, 1) 
Server 2: (3, 37, 3) (24, 39, 5) 

Current time 58
Tasks to arrive: 
Server 1: (1, 39, 3) (37, 39, 1) 
Server 2: (3, 37, 2) (24, 39, 5) 

Current time 59
Tasks to arrive: 
Server 1: (1, 39, 2) (37, 39, 1) 
Server 2: (3, 37, 1) (24, 39, 5) 

